743
26
155
656
709
20
328
321
407
519
974
479
545
746
192
712
598
780
570
297
570
319
411
131
162
410
298
958
878
181
994
973
559
502
981
268
522
310
589
929
181
563
760
727
661
952
439
260
733
361
557
655
32
320
787
547
730
437
505
960
618
851
933
178
353
267
798
227
577
388
156
110
303
268
837
965
221
628
577
306
342
486
961
726
806
100
273
536
538
130
496
508
334
781
686
39
48
837
267
977
577
775
88
880
44
277
197
617
258
126
275
952
612
236
678
770
689
304
658
227
434
506
735
120
288
774
160
688
963
427
666
540
202
106
772
598
735
322
215
993
448
490
945
413
79
976
183
120
280
194
347
66
700
434
187
340
560
347
29
523
126
47
63
680
153
188
279
888
510
846
234
310
689
531
723
768
859
259
240
491
453
587
558
153
373
97
494
934
796
875
457
274
922
873
954
427
61
233
667
571
80
253
881
769
785
957
889
996
216
481
488
21
68
398
526
793
847
372
727
643
247
537
917
521
762
223
300
823
809
320
746
889
573
979
10
710
936
251
707
504
732
195
877
152
945
404
297
792
776
25
435
376
914
704
249
676
279
550
851
88
870
597
329
795
928
691
506
865
294
565
721
26
112
599
530
57
3
828
849
131
205
636
859
471
692
109
499
971
11
350
60
233
299
741
28
227
433
886
444
727
803
518
106
915
117
636
324
472
816
173
955
373
161
815
844
853
924
343
825
287
45
237
520
696
978
900
924
763
139
720
491
942
238
597
210
707
585
534
179
402
708
135
127
869
950
972
75
226
667
252
865
713
841
385
761
171
637
685
935
776
758
426
71
348
375
281
56
960
815
235
714
875
722
842
97
24
166
172
602
833
776
467
898
617
204
660
788
842
697
723
970
807
149
41
156
876
674
212
837
842
799
903
69
874
745
166
898
911
690
501
97
466
320
995
83
525
7
872
719
705
947
689
512
449
83
20
325
109
232
162
951
384
66
21
258
163
539
156
427
230
9
524
48
682
871
484
207
879
356
278
936
303
967
800
752
402
821
430
512
405
592
815
789
10
188
47
526
728
556
953
310
565
829
710
599
700
194
806
931
902
84
867
206
404
20
310
158
193
740
22
598
685
838
388
47
378
435
573
106
991
878
768
909
707
479
508
760
25
667
691
928
103
911
486
859
931
796
18
124
889
392
74
926
230
462
973
609
250
899
67
241
129
188
502
189
19
363
949
44
382
640
972
485
903
810
697
834
607
67
310
848
459
385
126
42
199
451
651
449
350
70
43
832
258
545
21
629
260
970
674
642
962
998
480
866
809
177
52
768
244
715
968
55
452
94
97
651
545
100
101
248
171
144
80
781
41
453
763
302
423
789
944
737
787
424
603
948
953
656
68
549
723
388
605
175
834
702
826
380
155
927
980
678
423
412
459
465
865
574
767
640
363
63
377
503
840
333
451
793
341
872
695
64
612
300
239
447
354
65
827
509
345
159
187
768
571
999
585
788
573
704
780
937
120
509
792
960
842
243
105
535
467
800
599
80
100
190
527
807
608
706
668
953
865
208
73
788
207
11
928
132
715
708
421
187
569
213
147
764
809
253
299
628
53
251
60
506
441
587
313
401
645
981
706
862
189
132
2
748
143
930
233
210
990
6
398
912
572
545
676
733
150
975
361
556
578
422
62
372
361
727
773
7
708
480
221
250
612
224
350
755
506
935
317
849
942
715
761
514
613
437
247
115
764
960
671
343
382
733
715
96
812
488
103
521
320
676
123
932
900
825
39
407
761
357
256
703
424
17
569
37
806
168
153
570
128
176
265
863
262
332
959
74
821
414
947
141
90
70
426
343
248
465
102
9
822
358
64
247
727
633
636
885
801
141
807
929
318
73
144
580
405
103
654
578
869
602
72
960
24
498
303
272
963
405
281
138
115
345
385
194
330
373
431
131
515
238
413
833
311
909
765
717
13
419
647
882
373
719
194
750
217
849
22
533
254
656
671
721
353
408
267
36
133
698
519
648
937
932
833
248
842
598
317
207
370
317
441
95
36
636
845
606
485
220
139
92
876
162
165
581
922
433
617
55
131
137
56
420
421
889
21
615
840
690
174
210
7
616
305
44
604
503
650
89
723
141
533
599
655
699
532
929
132
502
984
615
639
392
36
412
282
409
380
122
99
554
684
107
170
341
503
774
844
153
216
567
646
749
518
653
448
51
582
932
553
918
900
544
311
288
308
945
697
688
67
796
243
103
255
765
444
758
540
289
263
108
208
909
209
